


pts_box_ar1 = [[0.0,6.7,80.7]',[0.0,7.8,8.3]',[0.0,77.5,6.7]',[0.0,78.7,80.1]'];
pts_box_ar2 = [[9.5,79.8,0.0]',[10.1,9.8,0.0]',[83.6,8.7,0.0]',[84,80.4,0.0]'];

pts_box = [pts_box_ar1, pts_box_ar2];


H_b_w_all(:,:,1) = [0 0 1 0;
           0 1 0 -0.09;
           -1 0 0 0.095;
           0 0 0 1];
       
H_b_c_all(:,:,1) = [0.018  -0.999  0.042    0.183;
           0.810  -0.010  -0.586    0.122;
           0.586  0.045  0.809    0.649;
           0 0 0 1];
       
H_b_c_all(:,:,1) = [0.018  -0.999  0.042    0.183;
   0.810  -0.010  -0.586    0.122;
   0.586  0.045  0.809    0.649;
   0 0 0 1];

H_b_w_1 = [0 0 1 0;
           0 1 0 -0.09;
           -1 0 0 0.095;
           0 0 0 1];
H_b_c_1 = [0.018  -0.999  0.042    0.183;
           0.810  -0.010  -0.586    0.122;
           0.586  0.045  0.809    0.649;
           0 0 0 1];




H_c_w = H_b_w_1*inv(H_b_c_1);

q_c_w = rotm2quat(H_c_w(1:3,1:3));
p_c_w = H_c_w(1:3,4);

fprintf('p_c_w = [%.4f %.4f %.4f]\n',p_c_w)
fprintf('q_c_w = [%.4f %.4f %.4f %.4f]\n',q_c_w(2),q_c_w(3),q_c_w(4),q_c_w(1))



